


13994272683




13403467660
13834240786



13754852491
13191059687



15234080313

13994272683


18636132413

13643691428
18235106863




13835112999

18035134249



13934509519
15035147730

15536579344
15110349266

13934577116
13546444520
15903407717




15034064201
13203411993
18035134888
13333405027
13453431129

13834511153








15035176616
13613416640
13753102732
15340677767
13935193241



13603581087

15110369870
13754874200

13603581710




18636875553

13403696150

15635107696
13835143019
13835167816
15935154572
15513665606
13753120340
13593174791
13834668633
18536833607
18603415085
15034092966
13834040636
13546380760
15034186813
15513010082
18636977226
18835100127
15003439634
13834207710
15834076467
15034101987
13754860941


13100001306
13835131365
18734843632
17735136776
18636880030
18613546076
18803414727
15035186078
15536987333
15934137667
15234158366
18636680320

13485364967
13191008860
13834636241
15333513202
15034185177

13485303915
13485356302
13313434291
15110395286
15135199036
15234010264
15340656422
15536807185
13593162830
13623677755
13453194534
13754828354
18734873389




17703461731
13935148682
13754849996
18100345765
15834154545
18835180631
13934588660


13935154845
15835102304
15834015744
13835111344
13834663226
13623658491
15835105885
13835198822

13834671990
15383654279
13453188574
13623600862
13233514426
13935119302
13456252777


15333515995
15834078662


13994276699
15034179990
18235822471
13453414818

13834627429
13934130513
13027078979
18735134930
15386882014
18135100810

13835195097
13834538616
15834065466
13503515493
18334715869
13700517173
13754809665
18634378086
13613466320
15103408569
13934644234
15034151018
18903419379
15903415321
13835119212
18035101281
15364615226
15392631775
15135199685
13603512523
13223646555

15103461785
18634336044
15034033665
15234167249
13919338990
13133471218
13934668994
13934633736
13703584745
13935138966
13111099922
15343431656
15035198805

13466832335

13593233222
13633410466
15935118937
13333467859
18636962844
15364616066
18635186731
15234248541
13103419222
13653650826
13803439203
13613466119
15834030992
15110369181
18735376322
15536315187
13754852350
18835180138
18735122442
18135108272
18735384486
13834158484
13633440365
13935115568
18503513868
18535107123
13753199976
15003405407
13546437221
13403409212
13393514912
17703518688
13834543300
18735366983
18636821072
13363443300
15235172158
18404970666

18636805015


15034175257
15834161871
15235126123
18636663357
13191059687
13546399220
18636891392

13835112010
13503504459
13834536882
13403513561
13027014087
13096695024
13546425040
15383611201
15383518390
18535116382
18636160012
13753144804
13835125578
13934546386

18835174918
18903411317
13753131450
13453126329


17696038835
13935112546
13643697740
15035684459
18135108833
13623621547
15034005835
13934538227
13485373881

15135192393
15034184700
13453136635
13753484903

18636882226

18636665021
15035176615
13703514442

13623627024
15635100946
15343435755
13834663236
15536638373

13934161476
15536668111
15034178071


13754852893
18135101313
13633513559
15343430133
18335173276
18003401313
13834619052

18334721212
13934222806
13633447183

13546712631
18636684545
13663613240
18903463015
15513632939
13466832122
15364919964

15035171969

13633440760
13935118021

18735122302
13834213550
13753139645
15536309844
18636888793

15903436967
15035151013

18935111726
18636964817
13833727983
18635177795

13546435557
15035126015
15034149775

13111061381
13934136964
18636687879
18636163077
15935122035
18735123711
15110333319
13303465647
13133007444
13834575101
15535378729


15110419338
15834012347
18635168108
13623615410
13333515035
13703582893
13633449222

13834651715
13754800552
15903463068
13994265311

15536313213
13803413445

15135144934
15513629360
18035190370
15835118081
17703461831
13935158960
13653411680
13653518487
15110387714
13643519720
13503545904
13593194377
13453409991
13353446113
15234116871

15903510985
15834150677
13835473439
13835156263
13453105258
13834617006
18935129368
13934541375

13911660659
13934566856
15536337000

15835122011
15503444568
15234022145
13068006125
13754839065
13835103619
13803456026
18536646267
13303432060
13934230693

15935133208
18636670318
15635196656
18134956567
18636636306
18634367366
13834502501


13633514931
15534465476

13466827131
18636980211


18636659779
13935161192
13503512278
15340661581
15535097779
13466813159

18636999305
15333660098
15513290333

15536055551
13935173736


13513632209
13653601661
13073568202

17718382417
18636151211

15034169479
18636610671
13503512126

13835198667
17735138176
15235183303
15035131675
18335132350
15934138651
17735135102
13734001876
18834813838
13934158896
18636688178
15513811214
13835198317
18371204584
18834884434
18636042637
15834103686


18636115201


15834140441
18903515352
13834212264
13623675833
15903435676
18903519886

18535176507
13133008013
18613516165
18634324464
13546727532
18636637782

13934134134
15034186385
18734906480

13603510521
13466830868
13935102129
13303510714
18935114639

18636608516
13403511995
13623516667
18636874726
18603470325
13994233987
15003463984
18334783222
18803516806

15103410153
15803436603
18613514899
13834611184

13603517927
13027088862
13934232261
13099093205
18135170513
15103403789
13934609936
13403584233
15534457899
13935167401
13313416321
18134955567

13834118896

15110424392

15034018111
15803412475

13403464252
18649325321
13753146117
15903433083
13453452065
15513050325
13466878771
13734017585
18603459155
15834115711
15135109630
13835722007
15110418929
13546417100
18603462311

13453163363
13994265477

13994234756
18603518750

15698576996
15834171676

15803434327
13834238080
13485368956
13934554473
15603413440
13073589821
13546372833
13453147696
13485358698

18903464747
13835142402

13453171359
18622445562
13633511915
13546439366
18634409532
13546450085
18634731766
13623659723
18935127026
13223646555
18703416870
13453400552
13466811818
15383613177
13080310111
13994832367
18536643567
13633418091
15535378729
13934168330
13834554094
13603582627
15513665606
13994220152
18536661912
15235122835
13503540724
15364680011
13453424589
13754879311
13834220806
13453150728




15343433234
13593187831
13934130992
18734838995
13453458670
13835168745
15234084655
13934565291
18703518888
13293908065
18636684890
15364919964
15003436967